Prior_Prob_DensDep 1 1000
Lef_F_DI 1001 2000
Lef_F_DD 2001 3000
Lef_Gf_DI 3001 4000
Lef_Gf_DD 4001 5000
Lef_Ss_DI 5001 6000
Lef_Ss_DD 6001 7000
Lef_Gs_DI 7001 8000
Lef_Gs_DD 8001 9000
Lef_Sa_DI 9001 10000
Lef_Sa_DD 10001 11000
var.fec 11001 12000
var.fledrec 12001 13000
var.subrec 13001 14000
var.subsurv 14001 15000
var.adsurv 15001 16000
var.envstoc 16001 17000
var.demstoc 17001 18000
beta[1] 18001 19000
beta[2] 19001 20000
beta[3] 20001 21000
beta[4] 21001 22000
beta[5] 22001 23000
Prob_DensDep[1] 23001 24000
Prob_DensDep[2] 24001 25000
Prob_DensDep[3] 25001 26000
Prob_DensDep[4] 26001 27000
Prob_DensDep[5] 27001 28000
TransR 28001 29000
PredR 29001 30000
delta[1] 30001 31000
delta[2] 31001 32000
delta[3] 32001 33000
Sigma[1,1] 33001 34000
Sigma[2,1] 34001 35000
Sigma[3,1] 35001 36000
Sigma[1,2] 36001 37000
Sigma[2,2] 37001 38000
Sigma[3,2] 38001 39000
Sigma[1,3] 39001 40000
Sigma[2,3] 40001 41000
Sigma[3,3] 41001 42000
Corr[1,1] 42001 43000
Corr[2,1] 43001 44000
Corr[3,1] 44001 45000
Corr[1,2] 45001 46000
Corr[2,2] 46001 47000
Corr[3,2] 47001 48000
Corr[1,3] 48001 49000
Corr[2,3] 49001 50000
Corr[3,3] 50001 51000
n[1,1] 51001 52000
n[2,1] 52001 53000
n[3,1] 53001 54000
n[4,1] 54001 55000
n[5,1] 55001 56000
n[6,1] 56001 57000
n[7,1] 57001 58000
n[8,1] 58001 59000
n[9,1] 59001 60000
n[10,1] 60001 61000
n[11,1] 61001 62000
n[12,1] 62001 63000
n[13,1] 63001 64000
n[14,1] 64001 65000
n[15,1] 65001 66000
n[16,1] 66001 67000
n[17,1] 67001 68000
n[18,1] 68001 69000
n[19,1] 69001 70000
n[20,1] 70001 71000
n[21,1] 71001 72000
n[22,1] 72001 73000
n[23,1] 73001 74000
n[1,2] 74001 75000
n[2,2] 75001 76000
n[3,2] 76001 77000
n[4,2] 77001 78000
n[5,2] 78001 79000
n[6,2] 79001 80000
n[7,2] 80001 81000
n[8,2] 81001 82000
n[9,2] 82001 83000
n[10,2] 83001 84000
n[11,2] 84001 85000
n[12,2] 85001 86000
n[13,2] 86001 87000
n[14,2] 87001 88000
n[15,2] 88001 89000
n[16,2] 89001 90000
n[17,2] 90001 91000
n[18,2] 91001 92000
n[19,2] 92001 93000
n[20,2] 93001 94000
n[21,2] 94001 95000
n[22,2] 95001 96000
n[23,2] 96001 97000
n[1,3] 97001 98000
n[2,3] 98001 99000
n[3,3] 99001 100000
n[4,3] 100001 101000
n[5,3] 101001 102000
n[6,3] 102001 103000
n[7,3] 103001 104000
n[8,3] 104001 105000
n[9,3] 105001 106000
n[10,3] 106001 107000
n[11,3] 107001 108000
n[12,3] 108001 109000
n[13,3] 109001 110000
n[14,3] 110001 111000
n[15,3] 111001 112000
n[16,3] 112001 113000
n[17,3] 113001 114000
n[18,3] 114001 115000
n[19,3] 115001 116000
n[20,3] 116001 117000
n[21,3] 117001 118000
n[22,3] 118001 119000
n[23,3] 119001 120000
y_ppc[1,1] 120001 121000
y_ppc[2,1] 121001 122000
y_ppc[3,1] 122001 123000
y_ppc[4,1] 123001 124000
y_ppc[5,1] 124001 125000
y_ppc[6,1] 125001 126000
y_ppc[7,1] 126001 127000
y_ppc[8,1] 127001 128000
y_ppc[9,1] 128001 129000
y_ppc[10,1] 129001 130000
y_ppc[11,1] 130001 131000
y_ppc[12,1] 131001 132000
y_ppc[13,1] 132001 133000
y_ppc[14,1] 133001 134000
y_ppc[15,1] 134001 135000
y_ppc[16,1] 135001 136000
y_ppc[17,1] 136001 137000
y_ppc[18,1] 137001 138000
y_ppc[19,1] 138001 139000
y_ppc[20,1] 139001 140000
y_ppc[21,1] 140001 141000
y_ppc[22,1] 141001 142000
y_ppc[23,1] 142001 143000
y_ppc[1,2] 143001 144000
y_ppc[2,2] 144001 145000
y_ppc[3,2] 145001 146000
y_ppc[4,2] 146001 147000
y_ppc[5,2] 147001 148000
y_ppc[6,2] 148001 149000
y_ppc[7,2] 149001 150000
y_ppc[8,2] 150001 151000
y_ppc[9,2] 151001 152000
y_ppc[10,2] 152001 153000
y_ppc[11,2] 153001 154000
y_ppc[12,2] 154001 155000
y_ppc[13,2] 155001 156000
y_ppc[14,2] 156001 157000
y_ppc[15,2] 157001 158000
y_ppc[16,2] 158001 159000
y_ppc[17,2] 159001 160000
y_ppc[18,2] 160001 161000
y_ppc[19,2] 161001 162000
y_ppc[20,2] 162001 163000
y_ppc[21,2] 163001 164000
y_ppc[22,2] 164001 165000
y_ppc[23,2] 165001 166000
y_ppc[1,3] 166001 167000
y_ppc[2,3] 167001 168000
y_ppc[3,3] 168001 169000
y_ppc[4,3] 169001 170000
y_ppc[5,3] 170001 171000
y_ppc[6,3] 171001 172000
y_ppc[7,3] 172001 173000
y_ppc[8,3] 173001 174000
y_ppc[9,3] 174001 175000
y_ppc[10,3] 175001 176000
y_ppc[11,3] 176001 177000
y_ppc[12,3] 177001 178000
y_ppc[13,3] 178001 179000
y_ppc[14,3] 179001 180000
y_ppc[15,3] 180001 181000
y_ppc[16,3] 181001 182000
y_ppc[17,3] 182001 183000
y_ppc[18,3] 183001 184000
y_ppc[19,3] 184001 185000
y_ppc[20,3] 185001 186000
y_ppc[21,3] 186001 187000
y_ppc[22,3] 187001 188000
y_ppc[23,3] 188001 189000
