Prior_Prob_DensDep 1 1000
Lef_F_DI 1001 2000
Lef_F_DD 2001 3000
Lef_Gf_DI 3001 4000
Lef_Gf_DD 4001 5000
Lef_Ss_DI 5001 6000
Lef_Ss_DD 6001 7000
Lef_Gs_DI 7001 8000
Lef_Gs_DD 8001 9000
Lef_Sa_DI 9001 10000
Lef_Sa_DD 10001 11000
var.fec 11001 12000
var.fledrec 12001 13000
var.subrec 13001 14000
var.subsurv 14001 15000
var.adsurv 15001 16000
var.envstoc 16001 17000
var.demstoc 17001 18000
beta[1] 18001 19000
beta[2] 19001 20000
beta[3] 20001 21000
beta[4] 21001 22000
beta[5] 22001 23000
Prob_DensDep[1] 23001 24000
Prob_DensDep[2] 24001 25000
Prob_DensDep[3] 25001 26000
Prob_DensDep[4] 26001 27000
Prob_DensDep[5] 27001 28000
TransR 28001 29000
PredR 29001 30000
delta[1] 30001 31000
delta[2] 31001 32000
delta[3] 32001 33000
Sigma[1,1] 33001 34000
Sigma[2,1] 34001 35000
Sigma[3,1] 35001 36000
Sigma[1,2] 36001 37000
Sigma[2,2] 37001 38000
Sigma[3,2] 38001 39000
Sigma[1,3] 39001 40000
Sigma[2,3] 40001 41000
Sigma[3,3] 41001 42000
Corr[1,1] 42001 43000
Corr[2,1] 43001 44000
Corr[3,1] 44001 45000
Corr[1,2] 45001 46000
Corr[2,2] 46001 47000
Corr[3,2] 47001 48000
Corr[1,3] 48001 49000
Corr[2,3] 49001 50000
Corr[3,3] 50001 51000
n[1,1] 51001 52000
n[2,1] 52001 53000
n[3,1] 53001 54000
n[4,1] 54001 55000
n[5,1] 55001 56000
n[6,1] 56001 57000
n[7,1] 57001 58000
n[8,1] 58001 59000
n[9,1] 59001 60000
n[1,2] 60001 61000
n[2,2] 61001 62000
n[3,2] 62001 63000
n[4,2] 63001 64000
n[5,2] 64001 65000
n[6,2] 65001 66000
n[7,2] 66001 67000
n[8,2] 67001 68000
n[9,2] 68001 69000
n[1,3] 69001 70000
n[2,3] 70001 71000
n[3,3] 71001 72000
n[4,3] 72001 73000
n[5,3] 73001 74000
n[6,3] 74001 75000
n[7,3] 75001 76000
n[8,3] 76001 77000
n[9,3] 77001 78000
y_ppc[1,1] 78001 79000
y_ppc[2,1] 79001 80000
y_ppc[3,1] 80001 81000
y_ppc[4,1] 81001 82000
y_ppc[5,1] 82001 83000
y_ppc[6,1] 83001 84000
y_ppc[7,1] 84001 85000
y_ppc[8,1] 85001 86000
y_ppc[9,1] 86001 87000
y_ppc[1,2] 87001 88000
y_ppc[2,2] 88001 89000
y_ppc[3,2] 89001 90000
y_ppc[4,2] 90001 91000
y_ppc[5,2] 91001 92000
y_ppc[6,2] 92001 93000
y_ppc[7,2] 93001 94000
y_ppc[8,2] 94001 95000
y_ppc[9,2] 95001 96000
y_ppc[1,3] 96001 97000
y_ppc[2,3] 97001 98000
y_ppc[3,3] 98001 99000
y_ppc[4,3] 99001 100000
y_ppc[5,3] 100001 101000
y_ppc[6,3] 101001 102000
y_ppc[7,3] 102001 103000
y_ppc[8,3] 103001 104000
y_ppc[9,3] 104001 105000
